seed  W_S317['Urea'] = 0.8000162403296788
seed  R324_W_IN      = 0.8
seed  w_f010['Urea'] = 0.8000162403296788
seed  w_d002['Urea'] = 0.8000162403296788
R323_M317_DES = 92748.91822762709  R323_M324_DES = 92748.91822762709
R323_D002_M_I_FULL = 104000.0  seed M_I = 67600.0

ran 100800 steps (14.0 h sim) in 798.1s wall

    t_h    w_f010 Urea %    w_d002 Urea %   w_f004 Urea %       M_I kg
  0.000     80.001624020     80.000000000    71.739994371      67600.0
  0.350     79.962979192     80.000000000    71.703698812      67600.2
  0.700     79.959404375     80.000000000    71.702080054      67601.1
  1.050     79.957053677     80.000000000    71.700551162      67602.5
  1.400     79.954710618     80.000000000    71.699022397      67604.1
  1.750     79.952367696     80.000000000    71.697493676      67605.7
  2.100     79.950024872     80.000000000    71.695964998      67607.1
  2.450     79.947682144     80.000000000    71.694436364      67608.3
  2.800     79.945339514     80.000000000    71.692907774      67609.3
  3.150     79.942996980     80.000000000    71.691379228      67609.9
  3.500     79.940654544     80.000000000    71.689850725      67610.3
  3.850     79.938312204     80.000000000    71.688322266      67610.5
  4.200     79.935969962     80.000000000    71.686793851      67610.5
  4.550     79.933627817     80.000000000    71.685265480      67610.4
  4.900     79.931285768     80.000000000    71.683737153      67610.2
  5.250     79.928943817     80.000000000    71.682208869      67610.0
  5.600     79.926601962     80.000000000    71.680680629      67609.7
  5.950     79.924260205     80.000000000    71.679152433      67609.5
  6.300     79.921918544     80.000000000    71.677624280      67609.3
  6.650     79.919576981     80.000000000    71.676096171      67609.1
  7.000     79.917235514     80.000000000    71.674568106      67609.0
  7.350     79.914894145     80.000000000    71.673040085      67609.0
  7.700     79.912552872     80.000000000    71.671512108      67608.9
  8.050     79.910211696     80.000000000    71.669984174      67608.9
  8.400     79.907870617     80.000000000    71.668456284      67608.9
  8.750     79.905529636     80.000000000    71.666928438      67609.0
  9.100     79.903188751     80.000000000    71.665400635      67609.0
  9.450     79.900847963     80.000000000    71.663872876      67609.0
  9.800     79.898507272     80.000000000    71.662345161      67609.1
 10.150     79.896166678     80.000000000    71.660817490      67609.1
 10.500     79.893826181     80.000000000    71.659289862      67609.1
 10.850     79.891485780     80.000000000    71.657762278      67609.1
 11.200     79.889145477     80.000000000    71.656234738      67609.2
 11.550     79.886805271     80.000000000    71.654707242      67609.2
 11.900     79.884465161     80.000000000    71.653179789      67609.2
 12.250     79.882125149     80.000000000    71.651652380      67609.2
 12.600     79.879785233     80.000000000    71.650125015      67609.2
 12.950     79.877445414     80.000000000    71.648597693      67609.2
 13.300     79.875105692     80.000000000    71.647070415      67609.2
 13.650     79.872766067     80.000000000    71.645543181      67609.1

FINAL  w_f010['Urea'] = 0.798704274670118   -> % 79.8704274670118
FINAL  w_d002['Urea'] = 0.8
FINAL  w_f010 full    = {'Urea': 0.798704275, 'Biuret': 0.004302537, 'NH3': 0.000825206, 'CO2': 0.00020654, 'H2O': 0.195880454, 'HCHO': 8.0987e-05}

w_f010 drift over last 6.98 h: -0.046698 pp  -> -0.006687 pp/h
w_f010 drift over whole 13.97 h: -0.130811 pp  -> -0.009366 pp/h

wrote D:\Work\Urea Simulation\scratchpad\probe_wf_settle.json
